[[ 1.          1.          1.          1.          1.          1.
   1.          1.          1.          1.          1.          1.
   1.          1.          1.          1.         -0.         -0.
  -0.         -0.         -0.         -0.         -0.         -0.
  -0.         -0.         -0.         -0.         -0.         -0.
  -0.         -0.        ]
 [ 1.          0.97952994  0.91895781  0.82076344  0.68896692  0.52896401
   0.34730525  0.15142778 -0.05064917 -0.25065253 -0.44039415 -0.61210598
  -0.75875812 -0.87434662 -0.95413926 -0.99486932 -0.         -0.20129852
  -0.39435586 -0.57126822 -0.72479279 -0.84864426 -0.93775213 -0.98846832
  -0.99871651 -0.96807712 -0.89780454 -0.79077574 -0.65137248 -0.48530196
  -0.29936312 -0.10116832]
 [ 1.          0.91895781  0.68896692  0.34730525 -0.05064917 -0.44039415
  -0.75875812 -0.95413926 -0.99486932 -0.87434662 -0.61210598 -0.25065253
   0.15142778  0.52896401  0.82076344  0.97952994 -0.         -0.39435586
  -0.72479279 -0.93775213 -0.99871651 -0.89780454 -0.65137248 -0.29936312
   0.10116832  0.48530196  0.79077574  0.96807712  0.98846832  0.84864426
   0.57126822  0.20129852]
 [ 1.          0.82076344  0.34730525 -0.25065253 -0.75875812 -0.99486932
  -0.87434662 -0.44039415  0.15142778  0.68896692  0.97952994  0.91895781
   0.52896401 -0.05064917 -0.61210598 -0.95413926 -0.         -0.57126822
  -0.93775213 -0.96807712 -0.65137248 -0.10116832  0.48530196  0.89780454
   0.98846832  0.72479279  0.20129852 -0.39435586 -0.84864426 -0.99871651
  -0.79077574 -0.29936312]
 [ 1.          0.68896692 -0.05064917 -0.75875812 -0.99486932 -0.61210598
   0.15142778  0.82076344  0.97952994  0.52896401 -0.25065253 -0.87434662
  -0.95413926 -0.44039415  0.34730525  0.91895781 -0.         -0.72479279
  -0.99871651 -0.65137248  0.10116832  0.79077574  0.98846832  0.57126822
  -0.20129852 -0.84864426 -0.96807712 -0.48530196  0.29936312  0.89780454
   0.93775213  0.39435586]
 [ 1.          0.52896401 -0.44039415 -0.99486932 -0.61210598  0.34730525
   0.97952994  0.68896692 -0.25065253 -0.95413926 -0.75875812  0.15142778
   0.91895781  0.82076344 -0.05064917 -0.87434662 -0.         -0.84864426
  -0.89780454 -0.10116832  0.79077574  0.93775213  0.20129852 -0.72479279
  -0.96807712 -0.29936312  0.65137248  0.98846832  0.39435586 -0.57126822
  -0.99871651 -0.48530196]
 [ 1.          0.34730525 -0.75875812 -0.87434662  0.15142778  0.97952994
   0.52896401 -0.61210598 -0.95413926 -0.05064917  0.91895781  0.68896692
  -0.44039415 -0.99486932 -0.25065253  0.82076344 -0.         -0.93775213
  -0.65137248  0.48530196  0.98846832  0.20129852 -0.84864426 -0.79077574
   0.29936312  0.99871651  0.39435586 -0.72479279 -0.89780454  0.10116832
   0.96807712  0.57126822]
 [ 1.          0.15142778 -0.95413926 -0.44039415  0.82076344  0.68896692
  -0.61210598 -0.87434662  0.34730525  0.97952994 -0.05064917 -0.99486932
  -0.25065253  0.91895781  0.52896401 -0.75875812 -0.         -0.98846832
  -0.29936312  0.89780454  0.57126822 -0.72479279 -0.79077574  0.48530196
   0.93775213 -0.20129852 -0.99871651 -0.10116832  0.96807712  0.39435586
  -0.84864426 -0.65137248]
 [ 1.         -0.05064917 -0.99486932  0.15142778  0.97952994 -0.25065253
  -0.95413926  0.34730525  0.91895781 -0.44039415 -0.87434662  0.52896401
   0.82076344 -0.61210598 -0.75875812  0.68896692 -0.         -0.99871651
   0.10116832  0.98846832 -0.20129852 -0.96807712  0.29936312  0.93775213
  -0.39435586 -0.89780454  0.48530196  0.84864426 -0.57126822 -0.79077574
   0.65137248  0.72479279]
 [ 1.         -0.25065253 -0.87434662  0.68896692  0.52896401 -0.95413926
  -0.05064917  0.97952994 -0.44039415 -0.75875812  0.82076344  0.34730525
  -0.99486932  0.15142778  0.91895781 -0.61210598 -0.         -0.96807712
   0.48530196  0.72479279 -0.84864426 -0.29936312  0.99871651 -0.20129852
  -0.89780454  0.65137248  0.57126822 -0.93775213 -0.10116832  0.98846832
  -0.39435586 -0.79077574]
 [ 1.         -0.44039415 -0.61210598  0.97952994 -0.25065253 -0.75875812
   0.91895781 -0.05064917 -0.87434662  0.82076344  0.15142778 -0.95413926
   0.68896692  0.34730525 -0.99486932  0.52896401 -0.         -0.89780454
   0.79077574  0.20129852 -0.96807712  0.65137248  0.39435586 -0.99871651
   0.48530196  0.57126822 -0.98846832  0.29936312  0.72479279 -0.93775213
   0.10116832  0.84864426]
 [ 1.         -0.61210598 -0.25065253  0.91895781 -0.87434662  0.15142778
   0.68896692 -0.99486932  0.52896401  0.34730525 -0.95413926  0.82076344
  -0.05064917 -0.75875812  0.97952994 -0.44039415 -0.         -0.79077574
   0.96807712 -0.39435586 -0.48530196  0.98846832 -0.72479279 -0.10116832
   0.84864426 -0.93775213  0.29936312  0.57126822 -0.99871651  0.65137248
   0.20129852 -0.89780454]
 [ 1.         -0.75875812  0.15142778  0.52896401 -0.95413926  0.91895781
  -0.44039415 -0.25065253  0.82076344 -0.99486932  0.68896692 -0.05064917
  -0.61210598  0.97952994 -0.87434662  0.34730525 -0.         -0.65137248
   0.98846832 -0.84864426  0.29936312  0.39435586 -0.89780454  0.96807712
  -0.57126822 -0.10116832  0.72479279 -0.99871651  0.79077574 -0.20129852
  -0.48530196  0.93775213]
 [ 1.         -0.87434662  0.52896401 -0.05064917 -0.44039415  0.82076344
  -0.99486932  0.91895781 -0.61210598  0.15142778  0.34730525 -0.75875812
   0.97952994 -0.95413926  0.68896692 -0.25065253 -0.         -0.48530196
   0.84864426 -0.99871651  0.89780454 -0.57126822  0.10116832  0.39435586
  -0.79077574  0.98846832 -0.93775213  0.65137248 -0.20129852 -0.29936312
   0.72479279 -0.96807712]
 [ 1.         -0.95413926  0.82076344 -0.61210598  0.34730525 -0.05064917
  -0.25065253  0.52896401 -0.75875812  0.91895781 -0.99486932  0.97952994
  -0.87434662  0.68896692 -0.44039415  0.15142778 -0.         -0.29936312
   0.57126822 -0.79077574  0.93775213 -0.99871651  0.96807712 -0.84864426
   0.65137248 -0.39435586  0.10116832  0.20129852 -0.48530196  0.72479279
  -0.89780454  0.98846832]
 [ 1.         -0.99486932  0.97952994 -0.95413926  0.91895781 -0.87434662
   0.82076344 -0.75875812  0.68896692 -0.61210598  0.52896401 -0.44039415
   0.34730525 -0.25065253  0.15142778 -0.05064917 -0.         -0.10116832
   0.20129852 -0.29936312  0.39435586 -0.48530196  0.57126822 -0.65137248
   0.72479279 -0.79077574  0.84864426 -0.89780454  0.93775213 -0.96807712
   0.98846832 -0.99871651]
 [ 0.          0.          0.          0.          0.          0.
   0.          0.          0.          0.          0.          0.
   0.          0.          0.          0.          0.          0.
   0.          0.          0.          0.          0.          0.
   0.          0.          0.          0.          0.          0.
   0.          0.        ]
 [ 1.         -0.99486932  0.97952994 -0.95413926  0.91895781 -0.87434662
   0.82076344 -0.75875812  0.68896692 -0.61210598  0.52896401 -0.44039415
   0.34730525 -0.25065253  0.15142778 -0.05064917  0.          0.10116832
  -0.20129852  0.29936312 -0.39435586  0.48530196 -0.57126822  0.65137248
  -0.72479279  0.79077574 -0.84864426  0.89780454 -0.93775213  0.96807712
  -0.98846832  0.99871651]
 [ 1.         -0.95413926  0.82076344 -0.61210598  0.34730525 -0.05064917
  -0.25065253  0.52896401 -0.75875812  0.91895781 -0.99486932  0.97952994
  -0.87434662  0.68896692 -0.44039415  0.15142778  0.          0.29936312
  -0.57126822  0.79077574 -0.93775213  0.99871651 -0.96807712  0.84864426
  -0.65137248  0.39435586 -0.10116832 -0.20129852  0.48530196 -0.72479279
   0.89780454 -0.98846832]
 [ 1.         -0.87434662  0.52896401 -0.05064917 -0.44039415  0.82076344
  -0.99486932  0.91895781 -0.61210598  0.15142778  0.34730525 -0.75875812
   0.97952994 -0.95413926  0.68896692 -0.25065253  0.          0.48530196
  -0.84864426  0.99871651 -0.89780454  0.57126822 -0.10116832 -0.39435586
   0.79077574 -0.98846832  0.93775213 -0.65137248  0.20129852  0.29936312
  -0.72479279  0.96807712]
 [ 1.         -0.75875812  0.15142778  0.52896401 -0.95413926  0.91895781
  -0.44039415 -0.25065253  0.82076344 -0.99486932  0.68896692 -0.05064917
  -0.61210598  0.97952994 -0.87434662  0.34730525  0.          0.65137248
  -0.98846832  0.84864426 -0.29936312 -0.39435586  0.89780454 -0.96807712
   0.57126822  0.10116832 -0.72479279  0.99871651 -0.79077574  0.20129852
   0.48530196 -0.93775213]
 [ 1.         -0.61210598 -0.25065253  0.91895781 -0.87434662  0.15142778
   0.68896692 -0.99486932  0.52896401  0.34730525 -0.95413926  0.82076344
  -0.05064917 -0.75875812  0.97952994 -0.44039415  0.          0.79077574
  -0.96807712  0.39435586  0.48530196 -0.98846832  0.72479279  0.10116832
  -0.84864426  0.93775213 -0.29936312 -0.57126822  0.99871651 -0.65137248
  -0.20129852  0.89780454]
 [ 1.         -0.44039415 -0.61210598  0.97952994 -0.25065253 -0.75875812
   0.91895781 -0.05064917 -0.87434662  0.82076344  0.15142778 -0.95413926
   0.68896692  0.34730525 -0.99486932  0.52896401  0.          0.89780454
  -0.79077574 -0.20129852  0.96807712 -0.65137248 -0.39435586  0.99871651
  -0.48530196 -0.57126822  0.98846832 -0.29936312 -0.72479279  0.93775213
  -0.10116832 -0.84864426]
 [ 1.         -0.25065253 -0.87434662  0.68896692  0.52896401 -0.95413926
  -0.05064917  0.97952994 -0.44039415 -0.75875812  0.82076344  0.34730525
  -0.99486932  0.15142778  0.91895781 -0.61210598  0.          0.96807712
  -0.48530196 -0.72479279  0.84864426  0.29936312 -0.99871651  0.20129852
   0.89780454 -0.65137248 -0.57126822  0.93775213  0.10116832 -0.98846832
   0.39435586  0.79077574]
 [ 1.         -0.05064917 -0.99486932  0.15142778  0.97952994 -0.25065253
  -0.95413926  0.34730525  0.91895781 -0.44039415 -0.87434662  0.52896401
   0.82076344 -0.61210598 -0.75875812  0.68896692  0.          0.99871651
  -0.10116832 -0.98846832  0.20129852  0.96807712 -0.29936312 -0.93775213
   0.39435586  0.89780454 -0.48530196 -0.84864426  0.57126822  0.79077574
  -0.65137248 -0.72479279]
 [ 1.          0.15142778 -0.95413926 -0.44039415  0.82076344  0.68896692
  -0.61210598 -0.87434662  0.34730525  0.97952994 -0.05064917 -0.99486932
  -0.25065253  0.91895781  0.52896401 -0.75875812  0.          0.98846832
   0.29936312 -0.89780454 -0.57126822  0.72479279  0.79077574 -0.48530196
  -0.93775213  0.20129852  0.99871651  0.10116832 -0.96807712 -0.39435586
   0.84864426  0.65137248]
 [ 1.          0.34730525 -0.75875812 -0.87434662  0.15142778  0.97952994
   0.52896401 -0.61210598 -0.95413926 -0.05064917  0.91895781  0.68896692
  -0.44039415 -0.99486932 -0.25065253  0.82076344  0.          0.93775213
   0.65137248 -0.48530196 -0.98846832 -0.20129852  0.84864426  0.79077574
  -0.29936312 -0.99871651 -0.39435586  0.72479279  0.89780454 -0.10116832
  -0.96807712 -0.57126822]
 [ 1.          0.52896401 -0.44039415 -0.99486932 -0.61210598  0.34730525
   0.97952994  0.68896692 -0.25065253 -0.95413926 -0.75875812  0.15142778
   0.91895781  0.82076344 -0.05064917 -0.87434662  0.          0.84864426
   0.89780454  0.10116832 -0.79077574 -0.93775213 -0.20129852  0.72479279
   0.96807712  0.29936312 -0.65137248 -0.98846832 -0.39435586  0.57126822
   0.99871651  0.48530196]
 [ 1.          0.68896692 -0.05064917 -0.75875812 -0.99486932 -0.61210598
   0.15142778  0.82076344  0.97952994  0.52896401 -0.25065253 -0.87434662
  -0.95413926 -0.44039415  0.34730525  0.91895781  0.          0.72479279
   0.99871651  0.65137248 -0.10116832 -0.79077574 -0.98846832 -0.57126822
   0.20129852  0.84864426  0.96807712  0.48530196 -0.29936312 -0.89780454
  -0.93775213 -0.39435586]
 [ 1.          0.82076344  0.34730525 -0.25065253 -0.75875812 -0.99486932
  -0.87434662 -0.44039415  0.15142778  0.68896692  0.97952994  0.91895781
   0.52896401 -0.05064917 -0.61210598 -0.95413926  0.          0.57126822
   0.93775213  0.96807712  0.65137248  0.10116832 -0.48530196 -0.89780454
  -0.98846832 -0.72479279 -0.20129852  0.39435586  0.84864426  0.99871651
   0.79077574  0.29936312]
 [ 1.          0.91895781  0.68896692  0.34730525 -0.05064917 -0.44039415
  -0.75875812 -0.95413926 -0.99486932 -0.87434662 -0.61210598 -0.25065253
   0.15142778  0.52896401  0.82076344  0.97952994  0.          0.39435586
   0.72479279  0.93775213  0.99871651  0.89780454  0.65137248  0.29936312
  -0.10116832 -0.48530196 -0.79077574 -0.96807712 -0.98846832 -0.84864426
  -0.57126822 -0.20129852]
 [ 1.          0.97952994  0.91895781  0.82076344  0.68896692  0.52896401
   0.34730525  0.15142778 -0.05064917 -0.25065253 -0.44039415 -0.61210598
  -0.75875812 -0.87434662 -0.95413926 -0.99486932  0.          0.20129852
   0.39435586  0.57126822  0.72479279  0.84864426  0.93775213  0.98846832
   0.99871651  0.96807712  0.89780454  0.79077574  0.65137248  0.48530196
   0.29936312  0.10116832]]